SVM = 0.5 
 RandomForest = 0.4528301886792453 
 LogisticRegression = 0.5357142857142857