SVM = 0.6 
 RandomForest = 0.45098039215686275 
 LogisticRegression = 0.5423728813559322