SVM = 0.41379310344827586 
 RandomForest = 0.125 
 LogisticRegression = 0.2857142857142857