SVM = 0.09523809523809523 
 RandomForest = 0.08571428571428572 
 LogisticRegression = 0.14705882352941177