SVM = 0.4166666666666667 
 RandomForest = 0.4 
 LogisticRegression = 0.39285714285714285