SVM = 0.38235294117647056 
 RandomForest = 0.09375 
 LogisticRegression = 0.11428571428571428