SVM = 0.6571428571428571 
 RandomForest = 0.45454545454545453 
 LogisticRegression = 0.5454545454545454