SVM = 0.6666666666666666 
 RandomForest = 0.5277777777777778 
 LogisticRegression = 0.5142857142857142