SVM = 0.09090909090909091 
 RandomForest = 0.03225806451612903 
 LogisticRegression = 0.03225806451612903