SVM = 0.2608695652173913 
 RandomForest = 0.22580645161290322 
 LogisticRegression = 0.3103448275862069