SVM = 0.08333333333333333 
 RandomForest = 0.05555555555555555 
 LogisticRegression = 0.12903225806451613