SVM = 0.6486486486486487 
 RandomForest = 0.25 
 LogisticRegression = 0.6153846153846154