SVM = 0.6451612903225806 
 RandomForest = 0.0 
 LogisticRegression = 0.5609756097560976