SVM = 0.6727272727272727 
 RandomForest = 0.375 
 LogisticRegression = 0.6590909090909091