SVM = 0.4411764705882353 
 RandomForest = 0.05555555555555555 
 LogisticRegression = 0.42105263157894735