SVM = 0.15384615384615385 
 RandomForest = 0.0 
 LogisticRegression = 0.14705882352941177