SVM = 0.17391304347826086 
 RandomForest = 0.0 
 LogisticRegression = 0.11538461538461539